 0.00000   0.00000   0.00000   0.00000   0.00000   0.00000   0.00000   0.00000   0.00001   0.00001   0.00001   0.00002   0.00002   0.00002   0.00002   0.00002   0.00002   0.00002   0.00001   0.00001   0.00001   0.00000   0.00000   0.00000   0.00000   0.00000   0.00000   0.00000   0.00000
   0.00000   0.00000   0.00000   0.00000   0.00000   0.00000   0.00001   0.00001   0.00002   0.00002   0.00003   0.00004   0.00004   0.00005   0.00005   0.00005   0.00004   0.00004   0.00003   0.00002   0.00002   0.00001   0.00001   0.00000   0.00000   0.00000   0.00000   0.00000   0.00000
   0.00000   0.00000   0.00000   0.00000   0.00000   0.00001   0.00001   0.00002   0.00004   0.00005   0.00007   0.00008   0.00010   0.00011   0.00011   0.00011   0.00010   0.00008   0.00007   0.00005   0.00004   0.00002   0.00001   0.00001   0.00000   0.00000   0.00000   0.00000   0.00000
   0.00000   0.00000   0.00000   0.00001   0.00001   0.00002   0.00003   0.00005   0.00007   0.00010   0.00014   0.00017   0.00020   0.00022   0.00023   0.00022   0.00020   0.00017   0.00014   0.00010   0.00007   0.00005   0.00003   0.00002   0.00001   0.00001   0.00000   0.00000   0.00000
   0.00000   0.00000   0.00000   0.00001   0.00002   0.00003   0.00006   0.00009   0.00014   0.00020   0.00027   0.00033   0.00039   0.00042   0.00044   0.00042   0.00039   0.00033   0.00027   0.00020   0.00014   0.00009   0.00006   0.00003   0.00002   0.00001   0.00000   0.00000   0.00000
   0.00000   0.00000   0.00001   0.00002   0.00003   0.00006   0.00011   0.00017   0.00026   0.00036   0.00048   0.00060   0.00070   0.00077   0.00079   0.00077   0.00070   0.00060   0.00048   0.00036   0.00026   0.00017   0.00011   0.00006   0.00003   0.00002   0.00001   0.00000   0.00000
   0.00000   0.00001   0.00001   0.00003   0.00006   0.00011   0.00018   0.00029   0.00044   0.00062   0.00082   0.00102   0.00119   0.00131   0.00135   0.00131   0.00119   0.00102   0.00082   0.00062   0.00044   0.00029   0.00018   0.00011   0.00006   0.00003   0.00001   0.00001   0.00000
   0.00000   0.00001   0.00002   0.00005   0.00009   0.00017   0.00029   0.00047   0.00070   0.00099   0.00131   0.00162   0.00190   0.00209   0.00215   0.00209   0.00190   0.00162   0.00131   0.00099   0.00070   0.00047   0.00029   0.00017   0.00009   0.00005   0.00002   0.00001   0.00000
   0.00001   0.00002   0.00004   0.00007   0.00014   0.00026   0.00044   0.00070   0.00105   0.00148   0.00196   0.00244   0.00285   0.00313   0.00323   0.00313   0.00285   0.00244   0.00196   0.00148   0.00105   0.00070   0.00044   0.00026   0.00014   0.00007   0.00004   0.00002   0.00001
   0.00001   0.00002   0.00005   0.00010   0.00020   0.00036   0.00062   0.00099   0.00148   0.00209   0.00276   0.00344   0.00402   0.00442   0.00456   0.00442   0.00402   0.00344   0.00276   0.00209   0.00148   0.00099   0.00062   0.00036   0.00020   0.00010   0.00005   0.00002   0.00001
   0.00001   0.00003   0.00007   0.00014   0.00027   0.00048   0.00082   0.00131   0.00196   0.00276   0.00366   0.00456   0.00533   0.00585   0.00604   0.00585   0.00533   0.00456   0.00366   0.00276   0.00196   0.00131   0.00082   0.00048   0.00027   0.00014   0.00007   0.00003   0.00001
   0.00002   0.00004   0.00008   0.00017   0.00033   0.00060   0.00102   0.00162   0.00244   0.00344   0.00456   0.00567   0.00663   0.00728   0.00751   0.00728   0.00663   0.00567   0.00456   0.00344   0.00244   0.00162   0.00102   0.00060   0.00033   0.00017   0.00008   0.00004   0.00002
   0.00002   0.00004   0.00010   0.00020   0.00039   0.00070   0.00119   0.00190   0.00285   0.00402   0.00533   0.00663   0.00775   0.00851   0.00878   0.00851   0.00775   0.00663   0.00533   0.00402   0.00285   0.00190   0.00119   0.00070   0.00039   0.00020   0.00010   0.00004   0.00002
   0.00002   0.00005   0.00011   0.00022   0.00042   0.00077   0.00131   0.00209   0.00313   0.00442   0.00585   0.00728   0.00851   0.00935   0.00965   0.00935   0.00851   0.00728   0.00585   0.00442   0.00313   0.00209   0.00131   0.00077   0.00042   0.00022   0.00011   0.00005   0.00002
   0.00002   0.00005   0.00011   0.00023   0.00044   0.00079   0.00135   0.00215   0.00323   0.00456   0.00604   0.00751   0.00878   0.00965   0.00995   0.00965   0.00878   0.00751   0.00604   0.00456   0.00323   0.00215   0.00135   0.00079   0.00044   0.00023   0.00011   0.00005   0.00002
   0.00002   0.00005   0.00011   0.00022   0.00042   0.00077   0.00131   0.00209   0.00313   0.00442   0.00585   0.00728   0.00851   0.00935   0.00965   0.00935   0.00851   0.00728   0.00585   0.00442   0.00313   0.00209   0.00131   0.00077   0.00042   0.00022   0.00011   0.00005   0.00002
   0.00002   0.00004   0.00010   0.00020   0.00039   0.00070   0.00119   0.00190   0.00285   0.00402   0.00533   0.00663   0.00775   0.00851   0.00878   0.00851   0.00775   0.00663   0.00533   0.00402   0.00285   0.00190   0.00119   0.00070   0.00039   0.00020   0.00010   0.00004   0.00002
   0.00002   0.00004   0.00008   0.00017   0.00033   0.00060   0.00102   0.00162   0.00244   0.00344   0.00456   0.00567   0.00663   0.00728   0.00751   0.00728   0.00663   0.00567   0.00456   0.00344   0.00244   0.00162   0.00102   0.00060   0.00033   0.00017   0.00008   0.00004   0.00002
   0.00001   0.00003   0.00007   0.00014   0.00027   0.00048   0.00082   0.00131   0.00196   0.00276   0.00366   0.00456   0.00533   0.00585   0.00604   0.00585   0.00533   0.00456   0.00366   0.00276   0.00196   0.00131   0.00082   0.00048   0.00027   0.00014   0.00007   0.00003   0.00001
   0.00001   0.00002   0.00005   0.00010   0.00020   0.00036   0.00062   0.00099   0.00148   0.00209   0.00276   0.00344   0.00402   0.00442   0.00456   0.00442   0.00402   0.00344   0.00276   0.00209   0.00148   0.00099   0.00062   0.00036   0.00020   0.00010   0.00005   0.00002   0.00001
   0.00001   0.00002   0.00004   0.00007   0.00014   0.00026   0.00044   0.00070   0.00105   0.00148   0.00196   0.00244   0.00285   0.00313   0.00323   0.00313   0.00285   0.00244   0.00196   0.00148   0.00105   0.00070   0.00044   0.00026   0.00014   0.00007   0.00004   0.00002   0.00001
   0.00000   0.00001   0.00002   0.00005   0.00009   0.00017   0.00029   0.00047   0.00070   0.00099   0.00131   0.00162   0.00190   0.00209   0.00215   0.00209   0.00190   0.00162   0.00131   0.00099   0.00070   0.00047   0.00029   0.00017   0.00009   0.00005   0.00002   0.00001   0.00000
   0.00000   0.00001   0.00001   0.00003   0.00006   0.00011   0.00018   0.00029   0.00044   0.00062   0.00082   0.00102   0.00119   0.00131   0.00135   0.00131   0.00119   0.00102   0.00082   0.00062   0.00044   0.00029   0.00018   0.00011   0.00006   0.00003   0.00001   0.00001   0.00000
   0.00000   0.00000   0.00001   0.00002   0.00003   0.00006   0.00011   0.00017   0.00026   0.00036   0.00048   0.00060   0.00070   0.00077   0.00079   0.00077   0.00070   0.00060   0.00048   0.00036   0.00026   0.00017   0.00011   0.00006   0.00003   0.00002   0.00001   0.00000   0.00000
   0.00000   0.00000   0.00000   0.00001   0.00002   0.00003   0.00006   0.00009   0.00014   0.00020   0.00027   0.00033   0.00039   0.00042   0.00044   0.00042   0.00039   0.00033   0.00027   0.00020   0.00014   0.00009   0.00006   0.00003   0.00002   0.00001   0.00000   0.00000   0.00000
   0.00000   0.00000   0.00000   0.00001   0.00001   0.00002   0.00003   0.00005   0.00007   0.00010   0.00014   0.00017   0.00020   0.00022   0.00023   0.00022   0.00020   0.00017   0.00014   0.00010   0.00007   0.00005   0.00003   0.00002   0.00001   0.00001   0.00000   0.00000   0.00000
   0.00000   0.00000   0.00000   0.00000   0.00000   0.00001   0.00001   0.00002   0.00004   0.00005   0.00007   0.00008   0.00010   0.00011   0.00011   0.00011   0.00010   0.00008   0.00007   0.00005   0.00004   0.00002   0.00001   0.00001   0.00000   0.00000   0.00000   0.00000   0.00000
   0.00000   0.00000   0.00000   0.00000   0.00000   0.00000   0.00001   0.00001   0.00002   0.00002   0.00003   0.00004   0.00004   0.00005   0.00005   0.00005   0.00004   0.00004   0.00003   0.00002   0.00002   0.00001   0.00001   0.00000   0.00000   0.00000   0.00000   0.00000   0.00000
   0.00000   0.00000   0.00000   0.00000   0.00000   0.00000   0.00000   0.00000   0.00001   0.00001   0.00001   0.00002   0.00002   0.00002   0.00002   0.00002   0.00002   0.00002   0.00001   0.00001   0.00001   0.00000   0.00000   0.00000   0.00000   0.00000   0.00000   0.00000   0.00000
