   0.00000   0.00000   0.00000   0.00000   0.00000   0.00000   0.00000   0.00000   0.00000   0.00000   0.00000   0.00000   0.00000   0.00000   0.00000   0.00000   0.00000   0.00000   0.00000
   0.00000   0.00000   0.00000   0.00000   0.00000   0.00000   0.00000   0.00001   0.00001   0.00001   0.00001   0.00001   0.00000   0.00000   0.00000   0.00000   0.00000   0.00000   0.00000
   0.00000   0.00000   0.00000   0.00000   0.00000   0.00001   0.00003   0.00005   0.00008   0.00009   0.00008   0.00005   0.00003   0.00001   0.00000   0.00000   0.00000   0.00000   0.00000
   0.00000   0.00000   0.00000   0.00000   0.00002   0.00006   0.00014   0.00027   0.00039   0.00044   0.00039   0.00027   0.00014   0.00006   0.00002   0.00000   0.00000   0.00000   0.00000
   0.00000   0.00000   0.00000   0.00002   0.00008   0.00024   0.00057   0.00106   0.00154   0.00175   0.00154   0.00106   0.00057   0.00024   0.00008   0.00002   0.00000   0.00000   0.00000
   0.00000   0.00000   0.00001   0.00006   0.00024   0.00073   0.00175   0.00327   0.00475   0.00538   0.00475   0.00327   0.00175   0.00073   0.00024   0.00006   0.00001   0.00000   0.00000
   0.00000   0.00000   0.00003   0.00014   0.00057   0.00175   0.00419   0.00783   0.01140   0.01292   0.01140   0.00783   0.00419   0.00175   0.00057   0.00014   0.00003   0.00000   0.00000
   0.00000   0.00001   0.00005   0.00027   0.00106   0.00327   0.00783   0.01464   0.02130   0.02413   0.02130   0.01464   0.00783   0.00327   0.00106   0.00027   0.00005   0.00001   0.00000
   0.00000   0.00001   0.00008   0.00039   0.00154   0.00475   0.01140   0.02130   0.03099   0.03511   0.03099   0.02130   0.01140   0.00475   0.00154   0.00039   0.00008   0.00001   0.00000
   0.00000   0.00001   0.00009   0.00044   0.00175   0.00538   0.01292   0.02413   0.03511   0.03979   0.03511   0.02413   0.01292   0.00538   0.00175   0.00044   0.00009   0.00001   0.00000
   0.00000   0.00001   0.00008   0.00039   0.00154   0.00475   0.01140   0.02130   0.03099   0.03511   0.03099   0.02130   0.01140   0.00475   0.00154   0.00039   0.00008   0.00001   0.00000
   0.00000   0.00001   0.00005   0.00027   0.00106   0.00327   0.00783   0.01464   0.02130   0.02413   0.02130   0.01464   0.00783   0.00327   0.00106   0.00027   0.00005   0.00001   0.00000
   0.00000   0.00000   0.00003   0.00014   0.00057   0.00175   0.00419   0.00783   0.01140   0.01292   0.01140   0.00783   0.00419   0.00175   0.00057   0.00014   0.00003   0.00000   0.00000
   0.00000   0.00000   0.00001   0.00006   0.00024   0.00073   0.00175   0.00327   0.00475   0.00538   0.00475   0.00327   0.00175   0.00073   0.00024   0.00006   0.00001   0.00000   0.00000
   0.00000   0.00000   0.00000   0.00002   0.00008   0.00024   0.00057   0.00106   0.00154   0.00175   0.00154   0.00106   0.00057   0.00024   0.00008   0.00002   0.00000   0.00000   0.00000
   0.00000   0.00000   0.00000   0.00000   0.00002   0.00006   0.00014   0.00027   0.00039   0.00044   0.00039   0.00027   0.00014   0.00006   0.00002   0.00000   0.00000   0.00000   0.00000
   0.00000   0.00000   0.00000   0.00000   0.00000   0.00001   0.00003   0.00005   0.00008   0.00009   0.00008   0.00005   0.00003   0.00001   0.00000   0.00000   0.00000   0.00000   0.00000
   0.00000   0.00000   0.00000   0.00000   0.00000   0.00000   0.00000   0.00001   0.00001   0.00001   0.00001   0.00001   0.00000   0.00000   0.00000   0.00000   0.00000   0.00000   0.00000
   0.00000   0.00000   0.00000   0.00000   0.00000   0.00000   0.00000   0.00000   0.00000   0.00000   0.00000   0.00000   0.00000   0.00000   0.00000   0.00000   0.00000   0.00000   0.00000
