     0.000     0.000     0.000     0.000     0.000     0.000     0.000     0.000     0.000     0.000     0.000     0.000     0.000     0.000     0.000     0.000     0.000     0.000     0.000     0.000     0.000     0.000     0.000     0.000     0.000     0.000     0.000     0.000     0.000     0.000     0.000     0.000     0.000     0.000     0.000     0.000     0.000     0.000     0.000     0.000     0.000     0.000     0.000     0.000     0.000     0.000     0.000     0.000     0.000     0.000     0.000     0.000     0.000     0.000     0.000     0.000     0.000     0.000     0.000     0.000     0.000     0.000     0.000     0.000     0.000     0.000     0.000     0.000     0.000     0.000     0.000     0.000     0.000     0.000     0.000     0.000     0.000     0.000     0.000     0.000     0.000     0.000     0.000     0.000     0.000     0.000     0.000     0.000     0.000     0.000     0.000     0.000     0.000     0.000     0.000     0.000     0.000     0.000     0.000
     0.000     0.000     0.000     0.000     0.000     0.000     0.000     0.000     0.000     0.000     0.000     0.000     0.000     0.000     0.000     0.001     0.002     0.003     0.006     0.009     0.014     0.020     0.028     0.035     0.043     0.051     0.056     0.060     0.062     0.061     0.059     0.054     0.049     0.043     0.036     0.030     0.025     0.020     0.016     0.013     0.010     0.009     0.008     0.007     0.007     0.006     0.006     0.006     0.006     0.006     0.006     0.006     0.006     0.006     0.007     0.007     0.008     0.009     0.010     0.013     0.016     0.020     0.025     0.030     0.036     0.043     0.049     0.054     0.059     0.061     0.062     0.060     0.056     0.051     0.043     0.035     0.028     0.020     0.014     0.009     0.006     0.003     0.002     0.001     0.000     0.000     0.000     0.000     0.000     0.000     0.000     0.000     0.000     0.000     0.000     0.000     0.000     0.000     0.000
     0.000     0.000     0.000     0.000     0.000     0.000     0.000     0.000     0.000     0.000     0.000     0.000     0.000     0.001     0.001     0.003     0.005     0.009     0.014     0.022     0.032     0.044     0.058     0.072     0.085     0.096     0.105     0.109     0.111     0.108     0.103     0.096     0.088     0.079     0.070     0.062     0.055     0.049     0.044     0.041     0.038     0.036     0.035     0.034     0.033     0.033     0.033     0.033     0.033     0.033     0.033     0.033     0.033     0.033     0.033     0.034     0.035     0.036     0.038     0.041     0.044     0.049     0.055     0.062     0.070     0.079     0.088     0.096     0.103     0.108     0.111     0.109     0.105     0.096     0.085     0.072     0.058     0.044     0.032     0.022     0.014     0.009     0.005     0.003     0.001     0.001     0.000     0.000     0.000     0.000     0.000     0.000     0.000     0.000     0.000     0.000     0.000     0.000     0.000
     0.000     0.000     0.000     0.000     0.000     0.000     0.000     0.000     0.000     0.000     0.000     0.000     0.001     0.002     0.003     0.006     0.011     0.018     0.028     0.041     0.057     0.074     0.091     0.107     0.121     0.131     0.137     0.140     0.139     0.135     0.129     0.123     0.117     0.110     0.105     0.100     0.096     0.093     0.090     0.088     0.086     0.084     0.083     0.082     0.082     0.081     0.080     0.080     0.080     0.080     0.080     0.080     0.080     0.081     0.082     0.082     0.083     0.084     0.086     0.088     0.090     0.093     0.096     0.100     0.105     0.110     0.117     0.123     0.129     0.135     0.139     0.140     0.137     0.131     0.121     0.107     0.091     0.074     0.057     0.041     0.028     0.018     0.011     0.006     0.003     0.002     0.001     0.000     0.000     0.000     0.000     0.000     0.000     0.000     0.000     0.000     0.000     0.000     0.000
     0.000     0.000     0.000     0.000     0.000     0.000     0.000     0.000     0.000     0.000     0.000     0.001     0.002     0.004     0.007     0.013     0.022     0.034     0.049     0.067     0.087     0.106     0.123     0.136     0.145     0.150     0.152     0.152     0.150     0.148     0.146     0.145     0.144     0.144     0.144     0.144     0.144     0.144     0.143     0.142     0.140     0.138     0.137     0.135     0.133     0.132     0.131     0.130     0.130     0.129     0.130     0.130     0.131     0.132     0.133     0.135     0.137     0.138     0.140     0.142     0.143     0.144     0.144     0.144     0.144     0.144     0.144     0.145     0.146     0.148     0.150     0.152     0.152     0.150     0.145     0.136     0.123     0.106     0.087     0.067     0.049     0.034     0.022     0.013     0.007     0.004     0.002     0.001     0.000     0.000     0.000     0.000     0.000     0.000     0.000     0.000     0.000     0.000     0.000
     0.000     0.000     0.000     0.000     0.000     0.000     0.000     0.000     0.000     0.000     0.001     0.002     0.005     0.009     0.015     0.025     0.039     0.057     0.077     0.098     0.117     0.133     0.145     0.151     0.155     0.155     0.156     0.156     0.158     0.162     0.166     0.171     0.176     0.180     0.183     0.185     0.186     0.186     0.185     0.183     0.181     0.179     0.176     0.174     0.172     0.170     0.169     0.168     0.167     0.167     0.167     0.168     0.169     0.170     0.172     0.174     0.176     0.179     0.181     0.183     0.185     0.186     0.186     0.185     0.183     0.180     0.176     0.171     0.166     0.162     0.158     0.156     0.156     0.155     0.155     0.151     0.145     0.133     0.117     0.098     0.077     0.057     0.039     0.025     0.015     0.009     0.005     0.002     0.001     0.000     0.000     0.000     0.000     0.000     0.000     0.000     0.000     0.000     0.000
     0.000     0.000     0.000     0.000     0.000     0.000     0.000     0.000     0.000     0.001     0.002     0.005     0.010     0.017     0.029     0.044     0.064     0.086     0.108     0.127     0.141     0.149     0.153     0.155     0.155     0.157     0.161     0.167     0.175     0.184     0.192     0.199     0.204     0.208     0.210     0.210     0.210     0.209     0.207     0.205     0.204     0.202     0.201     0.199     0.198     0.197     0.197     0.196     0.196     0.196     0.196     0.196     0.197     0.197     0.198     0.199     0.201     0.202     0.204     0.205     0.207     0.209     0.210     0.210     0.210     0.208     0.204     0.199     0.192     0.184     0.175     0.167     0.161     0.157     0.155     0.155     0.153     0.149     0.141     0.127     0.108     0.086     0.064     0.044     0.029     0.017     0.010     0.005     0.002     0.001     0.000     0.000     0.000     0.000     0.000     0.000     0.000     0.000     0.000
     0.000     0.000     0.000     0.000     0.000     0.000     0.000     0.000     0.001     0.003     0.005     0.010     0.019     0.031     0.049     0.070     0.093     0.116     0.134     0.145     0.151     0.153     0.153     0.155     0.160     0.168     0.178     0.188     0.198     0.206     0.212     0.216     0.218     0.219     0.219     0.219     0.220     0.220     0.221     0.222     0.223     0.224     0.225     0.226     0.226     0.227     0.228     0.228     0.228     0.228     0.228     0.228     0.228     0.227     0.226     0.226     0.225     0.224     0.223     0.222     0.221     0.220     0.220     0.219     0.219     0.219     0.218     0.216     0.212     0.206     0.198     0.188     0.178     0.168     0.160     0.155     0.153     0.153     0.151     0.145     0.134     0.116     0.093     0.070     0.049     0.031     0.019     0.010     0.005     0.003     0.001     0.000     0.000     0.000     0.000     0.000     0.000     0.000     0.000
     0.000     0.000     0.000     0.000     0.000     0.000     0.000     0.001     0.003     0.005     0.011     0.020     0.033     0.052     0.075     0.100     0.122     0.139     0.148     0.151     0.152     0.153     0.157     0.166     0.177     0.189     0.200     0.208     0.213     0.216     0.218     0.220     0.221     0.223     0.226     0.229     0.233     0.237     0.240     0.244     0.247     0.250     0.252     0.254     0.256     0.257     0.258     0.258     0.259     0.259     0.259     0.258     0.258     0.257     0.256     0.254     0.252     0.250     0.247     0.244     0.240     0.237     0.233     0.229     0.226     0.223     0.221     0.220     0.218     0.216     0.213     0.208     0.200     0.189     0.177     0.166     0.157     0.153     0.152     0.151     0.148     0.139     0.122     0.100     0.075     0.052     0.033     0.020     0.011     0.005     0.003     0.001     0.000     0.000     0.000     0.000     0.000     0.000     0.000
     0.000     0.000     0.000     0.000     0.000     0.000     0.001     0.003     0.005     0.011     0.020     0.035     0.055     0.079     0.104     0.127     0.142     0.149     0.150     0.150     0.153     0.161     0.173     0.186     0.198     0.207     0.212     0.215     0.216     0.218     0.221     0.225     0.230     0.236     0.242     0.248     0.254     0.258     0.262     0.266     0.268     0.270     0.271     0.272     0.273     0.273     0.274     0.274     0.274     0.274     0.274     0.274     0.274     0.273     0.273     0.272     0.271     0.270     0.268     0.266     0.262     0.258     0.254     0.248     0.242     0.236     0.230     0.225     0.221     0.218     0.216     0.215     0.212     0.207     0.198     0.186     0.173     0.161     0.153     0.150     0.150     0.149     0.142     0.127     0.104     0.079     0.055     0.035     0.020     0.011     0.005     0.003     0.001     0.000     0.000     0.000     0.000     0.000     0.000
     0.000     0.000     0.000     0.000     0.000     0.001     0.002     0.005     0.011     0.020     0.035     0.056     0.081     0.107     0.130     0.144     0.149     0.149     0.150     0.155     0.167     0.181     0.195     0.204     0.210     0.212     0.213     0.216     0.220     0.226     0.234     0.242     0.249     0.256     0.261     0.265     0.269     0.271     0.273     0.274     0.275     0.276     0.277     0.278     0.279     0.279     0.280     0.280     0.281     0.281     0.281     0.280     0.280     0.279     0.279     0.278     0.277     0.276     0.275     0.274     0.273     0.271     0.269     0.265     0.261     0.256     0.249     0.242     0.234     0.226     0.220     0.216     0.213     0.212     0.210     0.204     0.195     0.181     0.167     0.155     0.150     0.149     0.149     0.144     0.130     0.107     0.081     0.056     0.035     0.020     0.011     0.005     0.002     0.001     0.000     0.000     0.000     0.000     0.000
     0.000     0.000     0.000     0.000     0.001     0.002     0.005     0.010     0.020     0.035     0.056     0.082     0.109     0.131     0.145     0.149     0.148     0.149     0.158     0.172     0.188     0.200     0.207     0.209     0.210     0.213     0.218     0.227     0.236     0.245     0.253     0.259     0.263     0.266     0.268     0.270     0.272     0.274     0.276     0.279     0.281     0.284     0.286     0.289     0.291     0.292     0.294     0.295     0.295     0.296     0.295     0.295     0.294     0.292     0.291     0.289     0.286     0.284     0.281     0.279     0.276     0.274     0.272     0.270     0.268     0.266     0.263     0.259     0.253     0.245     0.236     0.227     0.218     0.213     0.210     0.209     0.207     0.200     0.188     0.172     0.158     0.149     0.148     0.149     0.145     0.131     0.109     0.082     0.056     0.035     0.020     0.010     0.005     0.002     0.001     0.000     0.000     0.000     0.000
     0.000     0.000     0.000     0.001     0.002     0.005     0.010     0.019     0.033     0.055     0.081     0.109     0.132     0.146     0.149     0.147     0.150     0.161     0.178     0.194     0.203     0.206     0.207     0.209     0.216     0.225     0.236     0.246     0.253     0.258     0.261     0.264     0.266     0.268     0.272     0.276     0.280     0.285     0.290     0.294     0.298     0.302     0.305     0.308     0.310     0.312     0.313     0.314     0.314     0.315     0.314     0.314     0.313     0.312     0.310     0.308     0.305     0.302     0.298     0.294     0.290     0.285     0.280     0.276     0.272     0.268     0.266     0.264     0.261     0.258     0.253     0.246     0.236     0.225     0.216     0.209     0.207     0.206     0.203     0.194     0.178     0.161     0.150     0.147     0.149     0.146     0.132     0.109     0.081     0.055     0.033     0.019     0.010     0.005     0.002     0.001     0.000     0.000     0.000
     0.000     0.000     0.001     0.002     0.004     0.009     0.017     0.031     0.052     0.079     0.107     0.131     0.146     0.149     0.147     0.150     0.163     0.182     0.197     0.204     0.204     0.205     0.211     0.222     0.234     0.244     0.251     0.256     0.258     0.260     0.263     0.268     0.273     0.280     0.287     0.293     0.299     0.304     0.308     0.311     0.314     0.316     0.318     0.319     0.320     0.321     0.322     0.322     0.322     0.323     0.322     0.322     0.322     0.321     0.320     0.319     0.318     0.316     0.314     0.311     0.308     0.304     0.299     0.293     0.287     0.280     0.273     0.268     0.263     0.260     0.258     0.256     0.251     0.244     0.234     0.222     0.211     0.205     0.204     0.204     0.197     0.182     0.163     0.150     0.147     0.149     0.146     0.131     0.107     0.079     0.052     0.031     0.017     0.009     0.004     0.002     0.001     0.000     0.000
     0.000     0.001     0.001     0.003     0.007     0.015     0.029     0.049     0.075     0.104     0.130     0.145     0.149     0.147     0.150     0.164     0.184     0.199     0.203     0.202     0.204     0.215     0.229     0.241     0.248     0.252     0.254     0.256     0.261     0.268     0.276     0.284     0.292     0.298     0.303     0.307     0.310     0.312     0.314     0.316     0.318     0.320     0.322     0.323     0.325     0.326     0.327     0.328     0.329     0.329     0.329     0.328     0.327     0.326     0.325     0.323     0.322     0.320     0.318     0.316     0.314     0.312     0.310     0.307     0.303     0.298     0.292     0.284     0.276     0.268     0.261     0.256     0.254     0.252     0.248     0.241     0.229     0.215     0.204     0.202     0.203     0.199     0.184     0.164     0.150     0.147     0.149     0.145     0.130     0.104     0.075     0.049     0.029     0.015     0.007     0.003     0.001     0.000     0.000
     0.000     0.001     0.003     0.006     0.013     0.025     0.044     0.070     0.100     0.127     0.144     0.149     0.147     0.150     0.164     0.185     0.200     0.202     0.200     0.205     0.220     0.235     0.244     0.248     0.249     0.252     0.258     0.267     0.277     0.286     0.293     0.298     0.302     0.305     0.307     0.310     0.313     0.317     0.320     0.324     0.328     0.332     0.335     0.338     0.341     0.343     0.344     0.346     0.346     0.347     0.346     0.346     0.344     0.343     0.341     0.338     0.335     0.332     0.328     0.324     0.320     0.317     0.313     0.310     0.307     0.305     0.302     0.298     0.293     0.286     0.277     0.267     0.258     0.252     0.249     0.248     0.244     0.235     0.220     0.205     0.200     0.202     0.200     0.185     0.164     0.150     0.147     0.149     0.144     0.127     0.100     0.070     0.044     0.025     0.013     0.006     0.003     0.001     0.000
     0.001     0.002     0.005     0.011     0.022     0.039     0.064     0.093     0.122     0.142     0.149     0.148     0.150     0.163     0.184     0.200     0.202     0.199     0.206     0.224     0.240     0.244     0.244     0.247     0.255     0.265     0.276     0.285     0.291     0.295     0.298     0.301     0.305     0.309     0.315     0.321     0.327     0.333     0.338     0.343     0.347     0.350     0.353     0.355     0.357     0.358     0.359     0.360     0.360     0.360     0.360     0.360     0.359     0.358     0.357     0.355     0.353     0.350     0.347     0.343     0.338     0.333     0.327     0.321     0.315     0.309     0.305     0.301     0.298     0.295     0.291     0.285     0.276     0.265     0.255     0.247     0.244     0.244     0.240     0.224     0.206     0.199     0.202     0.200     0.184     0.163     0.150     0.148     0.149     0.142     0.122     0.093     0.064     0.039     0.022     0.011     0.005     0.002     0.000
     0.001     0.004     0.009     0.018     0.034     0.057     0.086     0.116     0.139     0.149     0.149     0.149     0.161     0.182     0.199     0.202     0.199     0.207     0.227     0.242     0.243     0.241     0.248     0.261     0.272     0.282     0.288     0.290     0.293     0.297     0.303     0.310     0.318     0.326     0.333     0.338     0.343     0.347     0.350     0.353     0.355     0.357     0.359     0.360     0.362     0.363     0.364     0.365     0.365     0.366     0.365     0.365     0.364     0.363     0.362     0.360     0.359     0.357     0.355     0.353     0.350     0.347     0.343     0.338     0.333     0.326     0.318     0.310     0.303     0.297     0.293     0.290     0.288     0.282     0.272     0.261     0.248     0.241     0.243     0.242     0.227     0.207     0.199     0.202     0.199     0.182     0.161     0.149     0.149     0.149     0.139     0.116     0.086     0.057     0.034     0.018     0.009     0.003     0.000
     0.003     0.007     0.015     0.028     0.049     0.077     0.108     0.134     0.148     0.150     0.150     0.158     0.178     0.197     0.203     0.200     0.206     0.227     0.243     0.241     0.238     0.250     0.268     0.277     0.282     0.285     0.288     0.293     0.302     0.311     0.320     0.328     0.334     0.338     0.342     0.345     0.348     0.351     0.354     0.358     0.361     0.365     0.368     0.372     0.374     0.377     0.378     0.380     0.380     0.381     0.380     0.380     0.378     0.377     0.374     0.372     0.368     0.365     0.361     0.358     0.354     0.351     0.348     0.345     0.342     0.338     0.334     0.328     0.320     0.311     0.302     0.293     0.288     0.285     0.282     0.277     0.268     0.250     0.238     0.241     0.243     0.227     0.206     0.200     0.203     0.197     0.178     0.158     0.150     0.150     0.148     0.134     0.108     0.077     0.049     0.028     0.014     0.006     0.000
     0.004     0.011     0.023     0.041     0.067     0.098     0.127     0.145     0.151     0.150     0.155     0.172     0.194     0.204     0.202     0.205     0.224     0.242     0.241     0.238     0.252     0.273     0.279     0.277     0.282     0.290     0.298     0.310     0.320     0.325     0.331     0.334     0.337     0.342     0.346     0.352     0.358     0.364     0.370     0.375     0.380     0.384     0.387     0.390     0.392     0.394     0.396     0.397     0.397     0.398     0.397     0.397     0.396     0.394     0.392     0.390     0.387     0.384     0.380     0.375     0.370     0.364     0.358     0.352     0.346     0.342     0.337     0.334     0.331     0.325     0.320     0.310     0.298     0.290     0.282     0.277     0.279     0.273     0.252     0.238     0.241     0.242     0.224     0.205     0.202     0.204     0.194     0.172     0.155     0.150     0.151     0.145     0.127     0.098     0.067     0.041     0.022     0.009     0.000
     0.007     0.018     0.034     0.057     0.087     0.117     0.141     0.151     0.152     0.153     0.167     0.188     0.203     0.204     0.204     0.220     0.240     0.243     0.238     0.252     0.276     0.279     0.272     0.281     0.297     0.305     0.314     0.322     0.323     0.328     0.334     0.338     0.348     0.355     0.362     0.370     0.375     0.381     0.384     0.388     0.391     0.393     0.396     0.397     0.400     0.401     0.402     0.403     0.404     0.403     0.404     0.403     0.402     0.401     0.400     0.397     0.396     0.393     0.391     0.388     0.384     0.381     0.375     0.370     0.362     0.355     0.348     0.338     0.334     0.328     0.323     0.322     0.314     0.305     0.297     0.281     0.272     0.279     0.276     0.252     0.238     0.243     0.240     0.220     0.204     0.204     0.203     0.188     0.167     0.153     0.152     0.151     0.141     0.117     0.087     0.057     0.032     0.014     0.000
     0.011     0.026     0.047     0.075     0.106     0.133     0.149     0.153     0.153     0.161     0.181     0.200     0.206     0.205     0.215     0.235     0.244     0.241     0.250     0.273     0.279     0.270     0.281     0.305     0.310     0.311     0.320     0.322     0.327     0.340     0.347     0.356     0.365     0.369     0.375     0.378     0.381     0.386     0.388     0.394     0.397     0.402     0.405     0.408     0.411     0.413     0.416     0.417     0.418     0.418     0.418     0.417     0.416     0.413     0.411     0.408     0.405     0.402     0.397     0.394     0.388     0.386     0.381     0.378     0.375     0.369     0.365     0.356     0.347     0.340     0.327     0.322     0.320     0.311     0.310     0.305     0.281     0.270     0.279     0.273     0.250     0.241     0.244     0.235     0.215     0.205     0.206     0.200     0.181     0.161     0.153     0.153     0.149     0.133     0.106     0.074     0.044     0.020     0.000
     0.016     0.036     0.062     0.093     0.123     0.145     0.153     0.153     0.157     0.173     0.195     0.207     0.207     0.211     0.229     0.244     0.244     0.248     0.268     0.279     0.272     0.281     0.309     0.312     0.303     0.316     0.328     0.332     0.348     0.356     0.357     0.367     0.368     0.372     0.381     0.383     0.393     0.397     0.404     0.411     0.414     0.421     0.423     0.429     0.429     0.433     0.433     0.436     0.435     0.437     0.435     0.436     0.433     0.433     0.429     0.429     0.423     0.421     0.414     0.411     0.404     0.397     0.393     0.383     0.381     0.372     0.368     0.367     0.357     0.356     0.348     0.332     0.328     0.316     0.303     0.312     0.309     0.281     0.272     0.279     0.268     0.248     0.244     0.244     0.229     0.211     0.207     0.207     0.195     0.173     0.157     0.153     0.153     0.145     0.123     0.091     0.058     0.028     0.000
     0.022     0.047     0.078     0.110     0.137     0.152     0.155     0.155     0.166     0.186     0.204     0.209     0.209     0.222     0.241     0.248     0.247     0.261     0.277     0.277     0.281     0.305     0.312     0.300     0.315     0.339     0.337     0.346     0.358     0.353     0.363     0.372     0.374     0.390     0.394     0.402     0.411     0.412     0.422     0.422     0.428     0.430     0.433     0.437     0.437     0.442     0.440     0.444     0.441     0.445     0.441     0.444     0.440     0.442     0.437     0.437     0.433     0.430     0.428     0.422     0.422     0.412     0.411     0.402     0.394     0.390     0.374     0.372     0.363     0.353     0.358     0.346     0.337     0.339     0.315     0.300     0.312     0.305     0.281     0.277     0.277     0.261     0.247     0.248     0.241     0.222     0.209     0.209     0.204     0.186     0.166     0.155     0.155     0.151     0.136     0.107     0.072     0.035     0.000
     0.029     0.060     0.094     0.125     0.147     0.155     0.156     0.160     0.177     0.198     0.210     0.210     0.216     0.234     0.248     0.249     0.255     0.272     0.282     0.282     0.297     0.310     0.303     0.315     0.344     0.341     0.336     0.356     0.356     0.362     0.384     0.383     0.394     0.405     0.401     0.415     0.413     0.420     0.427     0.427     0.439     0.436     0.447     0.445     0.454     0.453     0.458     0.458     0.460     0.460     0.460     0.458     0.458     0.453     0.454     0.445     0.447     0.436     0.439     0.427     0.427     0.420     0.413     0.415     0.401     0.405     0.394     0.383     0.384     0.362     0.356     0.356     0.336     0.341     0.344     0.315     0.303     0.310     0.297     0.282     0.282     0.272     0.255     0.249     0.248     0.234     0.216     0.210     0.210     0.198     0.177     0.160     0.155     0.155     0.145     0.121     0.085     0.043     0.000
     0.036     0.073     0.109     0.137     0.153     0.157     0.158     0.168     0.189     0.207     0.212     0.213     0.225     0.244     0.252     0.252     0.265     0.282     0.285     0.290     0.305     0.311     0.316     0.339     0.341     0.331     0.354     0.369     0.365     0.387     0.391     0.387     0.406     0.401     0.411     0.423     0.421     0.440     0.437     0.451     0.454     0.458     0.466     0.464     0.475     0.469     0.480     0.472     0.482     0.473     0.482     0.472     0.480     0.469     0.475     0.464     0.466     0.458     0.454     0.451     0.437     0.440     0.421     0.423     0.411     0.401     0.406     0.387     0.391     0.387     0.365     0.369     0.354     0.331     0.341     0.339     0.316     0.311     0.305     0.290     0.285     0.282     0.265     0.252     0.252     0.244     0.225     0.213     0.212     0.207     0.189     0.168     0.157     0.155     0.150     0.131     0.096     0.051     0.000
     0.043     0.085     0.121     0.146     0.156     0.157     0.162     0.178     0.200     0.212     0.213     0.218     0.236     0.251     0.254     0.258     0.276     0.288     0.288     0.298     0.314     0.320     0.328     0.337     0.336     0.354     0.376     0.368     0.377     0.393     0.384     0.403     0.413     0.413     0.437     0.432     0.445     0.452     0.450     0.466     0.458     0.474     0.467     0.479     0.477     0.482     0.483     0.485     0.487     0.485     0.487     0.485     0.483     0.482     0.477     0.479     0.467     0.474     0.458     0.466     0.450     0.452     0.445     0.432     0.437     0.413     0.413     0.403     0.384     0.393     0.377     0.368     0.376     0.354     0.336     0.337     0.328     0.320     0.314     0.298     0.288     0.288     0.276     0.258     0.254     0.251     0.236     0.218     0.213     0.212     0.200     0.178     0.161     0.156     0.152     0.137     0.105     0.056     0.000
     0.050     0.095     0.131     0.151     0.157     0.159     0.168     0.189     0.208     0.215     0.216     0.227     0.246     0.256     0.256     0.267     0.285     0.290     0.293     0.310     0.322     0.322     0.332     0.346     0.356     0.369     0.368     0.370     0.392     0.395     0.404     0.425     0.419     0.434     0.441     0.437     0.457     0.449     0.467     0.468     0.474     0.486     0.482     0.499     0.490     0.508     0.496     0.512     0.500     0.513     0.500     0.512     0.496     0.508     0.490     0.499     0.482     0.486     0.474     0.468     0.467     0.449     0.457     0.437     0.441     0.434     0.419     0.425     0.404     0.395     0.392     0.370     0.368     0.369     0.356     0.346     0.332     0.322     0.322     0.310     0.293     0.290     0.285     0.267     0.256     0.256     0.246     0.227     0.216     0.215     0.208     0.188     0.167     0.156     0.152     0.140     0.109     0.060     0.000
     0.055     0.103     0.137     0.154     0.158     0.162     0.177     0.199     0.213     0.216     0.220     0.236     0.253     0.258     0.261     0.277     0.291     0.293     0.302     0.320     0.323     0.327     0.348     0.358     0.356     0.365     0.377     0.392     0.403     0.406     0.419     0.422     0.425     0.443     0.441     0.458     0.466     0.470     0.488     0.483     0.501     0.496     0.509     0.509     0.514     0.518     0.517     0.523     0.518     0.525     0.518     0.523     0.517     0.518     0.514     0.509     0.509     0.496     0.501     0.483     0.488     0.470     0.466     0.458     0.441     0.443     0.425     0.422     0.419     0.406     0.403     0.392     0.377     0.365     0.356     0.358     0.348     0.327     0.323     0.320     0.302     0.293     0.291     0.277     0.261     0.258     0.253     0.236     0.220     0.216     0.213     0.198     0.175     0.158     0.150     0.139     0.111     0.062     0.000
     0.059     0.109     0.140     0.154     0.158     0.167     0.186     0.207     0.217     0.218     0.226     0.245     0.258     0.260     0.268     0.286     0.295     0.297     0.311     0.325     0.328     0.340     0.356     0.353     0.362     0.387     0.393     0.395     0.406     0.411     0.422     0.432     0.445     0.455     0.462     0.474     0.476     0.487     0.491     0.497     0.506     0.506     0.519     0.515     0.529     0.524     0.535     0.530     0.538     0.532     0.538     0.530     0.535     0.524     0.529     0.515     0.519     0.506     0.506     0.497     0.491     0.487     0.476     0.474     0.462     0.455     0.445     0.432     0.422     0.411     0.406     0.395     0.393     0.387     0.362     0.353     0.356     0.340     0.328     0.325     0.311     0.297     0.295     0.286     0.268     0.260     0.258     0.245     0.226     0.218     0.216     0.206     0.184     0.162     0.148     0.135     0.108     0.061     0.000
     0.062     0.111     0.141     0.153     0.159     0.173     0.195     0.213     0.219     0.221     0.234     0.253     0.261     0.263     0.276     0.293     0.298     0.303     0.320     0.331     0.334     0.347     0.357     0.363     0.384     0.391     0.384     0.404     0.419     0.422     0.441     0.447     0.452     0.465     0.467     0.478     0.486     0.495     0.505     0.512     0.522     0.528     0.536     0.541     0.548     0.550     0.555     0.556     0.559     0.557     0.559     0.556     0.555     0.550     0.548     0.541     0.536     0.528     0.522     0.512     0.505     0.495     0.486     0.478     0.467     0.465     0.452     0.447     0.441     0.422     0.419     0.404     0.384     0.391     0.384     0.363     0.357     0.347     0.334     0.331     0.320     0.303     0.298     0.293     0.276     0.263     0.261     0.253     0.234     0.221     0.218     0.212     0.192     0.166     0.146     0.129     0.103     0.059     0.000
     0.063     0.111     0.139     0.151     0.161     0.180     0.203     0.217     0.220     0.225     0.242     0.259     0.264     0.268     0.284     0.298     0.301     0.310     0.328     0.334     0.338     0.356     0.367     0.372     0.383     0.387     0.403     0.425     0.422     0.432     0.447     0.444     0.464     0.473     0.479     0.500     0.500     0.517     0.522     0.529     0.540     0.540     0.553     0.551     0.563     0.561     0.570     0.567     0.573     0.569     0.573     0.567     0.570     0.561     0.563     0.551     0.553     0.540     0.540     0.529     0.522     0.517     0.500     0.500     0.479     0.473     0.464     0.444     0.447     0.432     0.422     0.425     0.403     0.387     0.383     0.372     0.367     0.356     0.338     0.334     0.328     0.310     0.301     0.298     0.284     0.268     0.264     0.259     0.242     0.225     0.220     0.216     0.199     0.171     0.145     0.123     0.096     0.054     0.000
     0.062     0.109     0.136     0.150     0.164     0.187     0.209     0.220     0.222     0.230     0.249     0.263     0.266     0.273     0.292     0.302     0.305     0.318     0.334     0.337     0.348     0.365     0.368     0.374     0.394     0.406     0.413     0.419     0.425     0.445     0.452     0.464     0.483     0.482     0.499     0.505     0.509     0.527     0.524     0.545     0.544     0.559     0.564     0.571     0.581     0.580     0.592     0.587     0.597     0.589     0.597     0.587     0.592     0.580     0.581     0.571     0.564     0.559     0.544     0.545     0.524     0.527     0.509     0.505     0.499     0.482     0.483     0.464     0.452     0.445     0.425     0.419     0.413     0.406     0.394     0.374     0.368     0.365     0.348     0.337     0.334     0.318     0.305     0.302     0.292     0.273     0.266     0.263     0.249     0.230     0.221     0.218     0.204     0.176     0.144     0.117     0.088     0.049     0.000
     0.059     0.105     0.131     0.148     0.168     0.193     0.214     0.222     0.224     0.237     0.256     0.266     0.268     0.280     0.298     0.305     0.309     0.326     0.338     0.342     0.355     0.369     0.372     0.390     0.405     0.401     0.413     0.434     0.443     0.455     0.465     0.473     0.482     0.491     0.505     0.512     0.529     0.538     0.549     0.563     0.566     0.583     0.582     0.598     0.596     0.608     0.606     0.614     0.611     0.616     0.611     0.614     0.606     0.608     0.596     0.598     0.582     0.583     0.566     0.563     0.549     0.538     0.529     0.512     0.505     0.491     0.482     0.473     0.465     0.455     0.443     0.434     0.413     0.401     0.405     0.390     0.372     0.369     0.355     0.342     0.338     0.326     0.309     0.305     0.298     0.280     0.268     0.266     0.256     0.236     0.223     0.219     0.208     0.180     0.144     0.110     0.079     0.043     0.000
     0.056     0.099     0.126     0.147     0.172     0.199     0.218     0.223     0.227     0.243     0.261     0.268     0.272     0.287     0.303     0.307     0.315     0.333     0.342     0.346     0.362     0.375     0.381     0.394     0.401     0.411     0.437     0.441     0.441     0.462     0.467     0.479     0.499     0.505     0.522     0.532     0.541     0.553     0.561     0.572     0.580     0.590     0.598     0.607     0.613     0.621     0.624     0.630     0.630     0.633     0.630     0.630     0.624     0.621     0.613     0.607     0.598     0.590     0.580     0.572     0.561     0.553     0.541     0.532     0.522     0.505     0.499     0.479     0.467     0.462     0.441     0.441     0.437     0.411     0.401     0.394     0.381     0.375     0.362     0.346     0.342     0.333     0.315     0.307     0.303     0.287     0.272     0.268     0.261     0.242     0.226     0.219     0.210     0.183     0.144     0.105     0.070     0.036     0.000
     0.052     0.093     0.121     0.146     0.176     0.204     0.220     0.224     0.231     0.249     0.266     0.270     0.276     0.293     0.307     0.310     0.321     0.338     0.345     0.352     0.370     0.378     0.383     0.402     0.415     0.423     0.432     0.437     0.458     0.474     0.478     0.500     0.505     0.512     0.532     0.532     0.554     0.562     0.574     0.592     0.596     0.617     0.618     0.636     0.637     0.650     0.650     0.659     0.658     0.662     0.658     0.659     0.650     0.650     0.637     0.636     0.618     0.617     0.596     0.592     0.574     0.562     0.554     0.532     0.532     0.512     0.505     0.500     0.478     0.474     0.458     0.437     0.432     0.423     0.415     0.402     0.383     0.378     0.370     0.352     0.345     0.338     0.321     0.310     0.307     0.293     0.276     0.270     0.265     0.248     0.229     0.219     0.210     0.185     0.144     0.100     0.062     0.030     0.000
     0.048     0.086     0.116     0.146     0.179     0.208     0.222     0.225     0.235     0.255     0.269     0.272     0.280     0.299     0.310     0.313     0.327     0.343     0.348     0.358     0.375     0.381     0.393     0.411     0.413     0.421     0.445     0.457     0.466     0.476     0.486     0.500     0.509     0.529     0.541     0.554     0.573     0.578     0.598     0.603     0.618     0.628     0.636     0.651     0.652     0.669     0.665     0.680     0.672     0.684     0.672     0.680     0.665     0.669     0.652     0.651     0.636     0.628     0.618     0.603     0.598     0.578     0.573     0.554     0.541     0.529     0.509     0.500     0.486     0.476     0.466     0.457     0.445     0.421     0.413     0.411     0.393     0.381     0.375     0.358     0.348     0.343     0.327     0.313     0.310     0.299     0.280     0.272     0.269     0.254     0.233     0.220     0.210     0.186     0.144     0.096     0.055     0.025     0.000
     0.043     0.080     0.112     0.146     0.182     0.210     0.222     0.227     0.240     0.260     0.271     0.274     0.285     0.304     0.312     0.317     0.333     0.347     0.351     0.364     0.381     0.386     0.397     0.412     0.420     0.440     0.452     0.449     0.470     0.487     0.495     0.517     0.527     0.538     0.553     0.562     0.578     0.589     0.605     0.618     0.633     0.645     0.660     0.671     0.683     0.692     0.699     0.705     0.708     0.710     0.708     0.705     0.699     0.692     0.683     0.671     0.660     0.645     0.633     0.618     0.605     0.589     0.578     0.562     0.553     0.538     0.527     0.517     0.495     0.487     0.470     0.449     0.452     0.440     0.420     0.412     0.397     0.386     0.381     0.364     0.351     0.347     0.333     0.317     0.312     0.304     0.285     0.274     0.271     0.258     0.237     0.220     0.209     0.186     0.144     0.093     0.049     0.020     0.000
     0.038     0.073     0.108     0.146     0.184     0.212     0.223     0.229     0.244     0.264     0.273     0.276     0.290     0.308     0.314     0.320     0.338     0.350     0.354     0.370     0.384     0.388     0.404     0.422     0.427     0.437     0.450     0.467     0.488     0.491     0.505     0.522     0.524     0.549     0.561     0.574     0.598     0.605     0.629     0.637     0.655     0.669     0.680     0.696     0.702     0.718     0.720     0.733     0.730     0.738     0.730     0.733     0.720     0.718     0.702     0.696     0.680     0.669     0.655     0.637     0.629     0.605     0.598     0.574     0.561     0.549     0.524     0.522     0.505     0.491     0.488     0.467     0.450     0.437     0.427     0.422     0.404     0.388     0.384     0.370     0.354     0.350     0.338     0.320     0.314     0.308     0.290     0.276     0.273     0.262     0.240     0.221     0.207     0.185     0.143     0.090     0.044     0.016     0.000
     0.034     0.068     0.104     0.146     0.186     0.213     0.223     0.231     0.249     0.268     0.275     0.279     0.294     0.311     0.316     0.324     0.343     0.353     0.358     0.375     0.388     0.394     0.411     0.422     0.427     0.451     0.466     0.468     0.483     0.497     0.512     0.529     0.545     0.563     0.572     0.592     0.603     0.618     0.637     0.646     0.671     0.679     0.703     0.712     0.731     0.741     0.753     0.760     0.765     0.767     0.765     0.760     0.753     0.741     0.731     0.712     0.703     0.679     0.671     0.646     0.637     0.618     0.603     0.592     0.572     0.563     0.545     0.529     0.512     0.497     0.483     0.468     0.466     0.451     0.427     0.422     0.411     0.394     0.388     0.375     0.358     0.353     0.343     0.324     0.316     0.311     0.294     0.279     0.274     0.266     0.244     0.222     0.205     0.183     0.142     0.088     0.041     0.013     0.000
